* Measurement data measured by REW V5.31.2
* Source: EXCL: Analogue 1 + 2 (Focusrite USB Audio), LINE_IN (Master Volume), L, volume: 1.000
* Format: 1M Log Swept Sine, 1 sweep at -12.0 dBFS with no timing reference
* Dated: Oct 30, 2024 5:55:20 PM
* REW Settings:
*  C-weighting compensation: Off
*  Target level: 75.0 dB
* Note: 
* Measurement: sub raw onax
* Smoothing: None
* Frequency Step: 0.36621094 Hz
* Start Frequency: 20.0 Hz
*
* Freq(Hz)	SPL(dB)	Phase(degrees)
20.141602	34.617	-44.8775
20.507812	35.120	-4.8438
20.874023	27.116	9.2535
21.240234	34.194	-170.4630
21.606445	41.947	-172.0853
21.972656	44.083	179.1194
22.338867	43.676	159.4320
22.705078	42.809	128.0983
23.071289	42.181	97.4429
23.437500	39.781	68.5457
23.803711	36.547	21.5214
24.169922	37.625	-8.6155
24.536133	40.237	19.8104
24.902344	46.785	47.9549
25.268555	51.578	53.5320
25.634766	53.874	50.1366
26.000977	54.305	41.3002
26.367188	53.433	28.5138
26.733398	51.885	17.4106
27.099609	50.113	20.4587
27.465820	50.238	44.3365
27.832031	53.190	61.7722
28.198242	55.642	63.3474
28.564453	56.883	56.2472
28.930664	57.492	44.7852
29.296875	58.049	33.5139
29.663086	58.741	26.6117
30.029297	59.575	24.5270
30.395508	60.517	24.3925
30.761719	61.465	23.1483
31.127930	62.343	19.6135
31.494141	63.108	14.3959
31.860352	63.765	8.8638
32.226562	64.347	4.1565
32.592773	64.910	0.6562
32.958984	65.514	-2.0474
33.325195	66.131	-4.8048
33.691406	66.741	-8.3617
34.057617	67.364	-12.9728
34.423828	68.026	-18.2842
34.790039	68.708	-23.5726
35.156250	69.357	-28.2568
35.522461	69.939	-32.2222
35.888672	70.440	-35.7953
36.254883	70.881	-39.4905
36.621094	71.290	-43.6665
36.987305	71.737	-48.3317
37.353516	72.222	-53.2168
37.719727	72.694	-58.0138
38.085938	73.100	-62.5859
38.452148	73.417	-66.9520
38.818359	73.656	-71.1682
39.184570	73.850	-75.2709
39.550781	74.027	-79.2705
39.916992	74.201	-83.1882
40.283203	74.370	-87.0693
40.649414	74.527	-90.9246
41.015625	74.658	-94.7013
41.381836	74.754	-98.3047
41.748047	74.817	-101.6509
42.114258	74.866	-104.7467
42.480469	74.930	-107.6934
42.846680	75.034	-110.6217
43.212891	75.180	-113.6131
43.579102	75.334	-116.6396
43.945312	75.453	-119.5913
44.311523	75.504	-122.3506
44.677734	75.488	-124.8389
45.043945	75.438	-127.0541
45.410156	75.372	-129.0663
45.776367	75.343	-130.9718
46.142578	75.351	-132.8462
46.508789	75.388	-134.7063
46.875000	75.430	-136.5192
47.241211	75.458	-138.2515
47.607422	75.482	-139.8963
47.973633	75.511	-141.4851
48.339844	75.542	-143.0682
48.706055	75.562	-144.6686
49.072266	75.563	-146.2616
49.438477	75.555	-147.7725
49.804688	75.564	-149.1016
50.170898	75.613	-150.1949
50.537109	75.699	-151.0975
50.903320	75.790	-151.9601
51.269531	75.848	-152.9796
51.635742	75.848	-154.2905
52.001953	75.803	-155.8806
52.368164	75.747	-157.5624
52.734375	75.720	-159.0378
53.100586	75.737	-160.0723
53.466797	75.791	-160.6406
53.833008	75.863	-160.9321
54.199219	75.937	-161.2269
54.565430	76.014	-161.7344
54.931641	76.111	-162.5101
55.297852	76.213	-163.4791
55.664062	76.313	-164.5153
56.030273	76.402	-165.5171
56.396484	76.453	-166.4255
56.762695	76.490	-167.1997
57.128906	76.518	-167.8198
57.495117	76.544	-168.3088
57.861328	76.570	-168.7479
58.227539	76.593	-169.2480
58.593750	76.611	-169.8696
58.959961	76.629	-170.5650
59.326172	76.657	-171.2019
59.692383	76.711	-171.6595
60.058594	76.802	-171.9424
60.424805	76.923	-172.1933
60.791016	77.056	-172.5901
61.157227	77.185	-173.2164
61.523438	77.270	-174.0086
61.889648	77.314	-174.8121
62.255859	77.342	-175.4911
62.622070	77.371	-176.0024
62.988281	77.424	-176.3928
63.354492	77.498	-176.7286
63.720703	77.565	-177.0283
64.086914	77.602	-177.2722
64.453125	77.611	-177.4570
64.819336	77.622	-177.6329
65.185547	77.666	-177.8849
65.551758	77.759	-178.2565
65.917969	77.881	-178.7018
66.284180	77.997	-179.1202
66.650391	78.082	-179.4363
67.016602	78.135	-179.6604
67.382812	78.181	-179.8812
67.749023	78.241	179.8011
68.115234	78.313	179.3427
68.481445	78.398	178.7765
68.847656	78.468	178.1779
69.213867	78.506	177.6152
69.580078	78.514	177.1370
69.946289	78.529	176.7791
70.312500	78.562	176.5599
70.678711	78.628	176.4576
71.044922	78.722	176.3856
71.411133	78.823	176.2179
71.777344	78.908	175.8644
72.143555	78.970	175.3381
72.509766	79.017	174.7701
72.875977	79.065	174.3396
73.242188	79.132	174.1506
73.608398	79.221	174.1484
73.974609	79.322	174.1445
74.340820	79.418	173.9422
74.707031	79.492	173.4711
75.073242	79.538	172.8366
75.439453	79.562	172.2571
75.805664	79.576	171.9319
76.171875	79.596	171.9120
76.538086	79.642	172.0584
76.904297	79.724	172.1138
77.270508	79.836	171.8486
77.636719	79.959	171.1935
78.002930	80.063	170.2739
78.369141	80.121	169.3410
78.735352	80.127	168.6579
79.101562	80.100	168.3848
79.467773	80.079	168.5057
79.833984	80.101	168.8247
80.200195	80.177	169.0576
80.566406	80.287	168.9860
80.932617	80.392	168.5640
81.298828	80.461	167.9135
81.665039	80.486	167.2400
82.031250	80.482	166.7253
82.397461	80.479	166.4423
82.763672	80.501	166.3290
83.129883	80.554	166.2356
83.496094	80.630	166.0228
83.862305	80.709	165.6446
84.228516	80.774	165.1606
84.594727	80.815	164.6855
84.960938	80.837	164.3102
85.327148	80.851	164.0433
85.693359	80.865	163.8137
86.059570	80.879	163.5251
86.425781	80.882	163.1343
86.791992	80.873	162.6919
87.158203	80.841	162.3161
87.524414	80.806	162.1167
87.890625	80.802	162.1163
88.256836	80.850	162.2234
88.623047	80.942	162.2911
88.989258	81.043	162.2181
89.355469	81.118	162.0034
89.721680	81.155	161.7236
90.087891	81.178	161.4608
90.454102	81.222	161.2416
90.820312	81.303	161.0287
91.186523	81.401	160.7610
91.552734	81.457	160.4122
91.918945	81.452	160.0101
92.285156	81.388	159.6142
92.651367	81.305	159.2791
93.017578	81.250	159.0258
93.383789	81.248	158.8408
93.750000	81.284	158.6979
94.116211	81.318	158.5750
94.482422	81.325	158.4518
94.848633	81.305	158.2994
95.214844	81.279	158.0829
95.581055	81.265	157.7895
95.947266	81.266	157.4559
96.313477	81.269	157.1611
96.679688	81.273	156.9821
97.045898	81.267	156.9359
97.412109	81.267	156.9534
97.778320	81.281	156.9100
98.144531	81.303	156.7011
98.510742	81.317	156.3109
98.876953	81.305	155.8245
99.243164	81.239	155.3799
99.609375	81.159	155.0958
99.975586	81.079	155.0115
100.341797	81.010	155.0710
100.708008	80.948	155.1681
101.074219	80.883	155.2096
101.440430	80.814	155.1683
101.806641	80.751	155.0897
102.172852	80.703	155.0602
102.539062	80.669	155.1492
102.905273	80.649	155.3608
103.271484	80.634	155.6222
103.637695	80.614	155.8225
104.003906	80.581	155.8781
104.370117	80.526	155.7857
104.736328	80.437	155.6378
105.102539	80.333	155.5804
105.468750	80.230	155.7444
105.834961	80.149	156.1797
106.201172	80.107	156.8300
106.567383	80.111	157.5553
106.933594	80.151	158.1869
107.299805	80.207	158.5789
107.666016	80.263	158.6440
108.032227	80.292	158.3738
108.398438	80.285	157.8576
108.764648	80.247	157.2817
109.130859	80.186	156.8854
109.497070	80.112	156.8616
109.863281	80.038	157.2487
110.229492	79.973	157.8849
110.595703	79.921	158.4824
110.961914	79.883	158.7880
111.328125	79.851	158.7312
111.694336	79.819	158.4623
112.060547	79.782	158.2477
112.426758	79.738	158.3051
112.792969	79.693	158.6746
113.159180	79.659	159.2068
113.525391	79.643	159.6599
113.891602	79.640	159.8463
114.257812	79.631	159.7375
114.624023	79.591	159.4730
114.990234	79.509	159.2834
115.356445	79.398	159.3779
115.722656	79.298	159.8332
116.088867	79.245	160.5243
116.455078	79.252	161.1685
116.821289	79.288	161.4910
117.187500	79.305	161.4048
117.553711	79.270	161.0702
117.919922	79.184	160.8080
118.286133	79.082	160.9113
118.652344	78.997	161.4523
119.018555	78.944	162.2177
119.384766	78.899	162.8707
119.750977	78.827	163.2087
120.117188	78.713	163.3105
120.483398	78.572	163.4575
120.849609	78.446	163.9002
121.215820	78.372	164.6293
121.582031	78.362	165.3607
121.948242	78.392	165.7766
122.314453	78.426	165.8052
122.680664	78.428	165.6893
123.046875	78.388	165.8104
123.413086	78.297	166.4201
123.779297	78.165	167.4728
124.145508	78.016	168.6612
124.511719	77.880	169.6306
124.877930	77.782	170.2186
125.244141	77.727	170.5458
125.610352	77.701	170.9016
125.976562	77.680	171.5410
126.342773	77.643	172.5627
126.708984	77.596	173.9147
127.075195	77.565	175.4622
127.441406	77.572	177.0472
127.807617	77.624	178.5198
128.173828	77.720	179.7531
128.540039	77.854	-179.3372
128.906250	78.023	-178.7776
129.272461	78.212	-178.5443
129.638672	78.386	-178.5981
130.004883	78.507	-178.9214
130.371094	78.528	-179.5078
130.737305	78.447	179.7010
131.103516	78.313	178.8921
131.469727	78.200	178.3684
131.835938	78.163	178.3848
132.202148	78.201	178.9305
132.568359	78.259	179.6996
132.934570	78.272	-179.6980
133.300781	78.207	-179.4800
133.666992	78.087	-179.5627
134.033203	77.986	-179.6246
134.399414	77.958	-179.3486
134.765625	78.005	-178.6925
135.131836	78.079	-177.9278
135.498047	78.114	-177.4146
135.864258	78.072	-177.3389
136.230469	77.964	-177.6041
136.596680	77.833	-177.9011
136.962891	77.726	-177.9109
137.329102	77.661	-177.5095
137.695312	77.622	-176.8152
138.061523	77.579	-176.0460
138.427734	77.513	-175.3451
138.793945	77.433	-174.7169
139.160156	77.367	-174.0913
139.526367	77.339	-173.4301
139.892578	77.346	-172.7805
140.258789	77.356	-172.2373
140.625000	77.336	-171.8630
140.991211	77.276	-171.6448
141.357422	77.197	-171.4990
141.723633	77.136	-171.3102
142.089844	77.116	-170.9752
142.456055	77.129	-170.4481
142.822266	77.142	-169.7636
143.188477	77.121	-169.0326
143.554688	77.053	-168.4033
143.920898	76.950	-167.9899
144.287109	76.838	-167.7860
144.653320	76.735	-167.6261
145.019531	76.646	-167.2562
145.385742	76.578	-166.4946
145.751953	76.532	-165.3716
146.118164	76.512	-164.1384
146.484375	76.515	-163.1255
146.850586	76.528	-162.5453
147.216797	76.531	-162.3845
147.583008	76.507	-162.4495
147.949219	76.457	-162.5002
148.315430	76.394	-162.3672
148.681641	76.338	-161.9942
149.047852	76.296	-161.4138
149.414062	76.265	-160.7020
149.780273	76.236	-159.9517
150.146484	76.202	-159.2601
150.512695	76.160	-158.6985
150.878906	76.105	-158.2631
151.245117	76.031	-157.8469
151.611328	75.940	-157.2825
151.977539	75.847	-156.4465
152.343750	75.779	-155.3661
152.709961	75.767	-154.2366
153.076172	75.823	-153.3180
153.442383	75.931	-152.7708
153.808594	76.052	-152.5753
154.174805	76.133	-152.5853
154.541016	76.136	-152.6394
154.907227	76.049	-152.6267
155.273438	75.896	-152.4792
155.639648	75.729	-152.1348
156.005859	75.609	-151.5330
156.372070	75.573	-150.6678
156.738281	75.607	-149.6383
157.104492	75.648	-148.6166
157.470703	75.641	-147.7512
157.836914	75.557	-147.0873
158.203125	75.423	-146.5597
158.569336	75.308	-146.0497
158.935547	75.271	-145.4789
159.301758	75.321	-144.8671
159.667969	75.403	-144.2999
160.034180	75.445	-143.8446
160.400391	75.405	-143.5042
160.766602	75.301	-143.2328
161.132812	75.193	-142.9772
161.499023	75.134	-142.6985
161.865234	75.123	-142.3572
162.231445	75.117	-141.8820
162.597656	75.066	-141.1757
162.963867	74.959	-140.1843
163.330078	74.837	-138.9884
163.696289	74.760	-137.8318
164.062500	74.764	-137.0059
164.428711	74.828	-136.6377
164.794922	74.896	-136.5903
165.161133	74.913	-136.5573
165.527344	74.861	-136.2601
165.893555	74.763	-135.6069
166.259766	74.677	-134.7394
166.625977	74.641	-133.9310
166.992188	74.653	-133.3875
167.358398	74.679	-133.1115
167.724609	74.671	-132.9341
168.090820	74.601	-132.6526
168.457031	74.475	-132.1492
168.823242	74.333	-131.4319
169.189453	74.227	-130.6057
169.555664	74.196	-129.7991
169.921875	74.240	-129.0873
170.288086	74.326	-128.4592
170.654297	74.398	-127.8396
171.020508	74.421	-127.1432
171.386719	74.401	-126.3395
171.752930	74.379	-125.5024
172.119141	74.394	-124.8094
172.485352	74.455	-124.4416
172.851562	74.524	-124.4401
173.217773	74.543	-124.6425
173.583984	74.478	-124.7570
173.950195	74.348	-124.5261
174.316406	74.222	-123.9006
174.682617	74.170	-123.1128
175.048828	74.205	-122.5189
175.415039	74.283	-122.2898
175.781250	74.322	-122.2533
176.147461	74.276	-122.0268
176.513672	74.173	-121.3032
176.879883	74.101	-120.1183
177.246094	74.147	-118.9087
177.612305	74.319	-118.2062
177.978516	74.539	-118.2084
178.344727	74.700	-118.6791
178.710938	74.734	-119.2057
179.077148	74.645	-119.4905
179.443359	74.496	-119.5015
179.809570	74.370	-119.4249
180.175781	74.312	-119.4443
180.541992	74.309	-119.5179
180.908203	74.327	-119.3917
181.274414	74.345	-118.8467
181.640625	74.382	-117.9623
182.006836	74.469	-117.1658
182.373047	74.610	-116.9834
182.739258	74.766	-117.6660
183.105469	74.887	-119.0389
183.471680	74.935	-120.6533
183.837891	74.907	-122.0715
184.204102	74.835	-123.0931
184.570312	74.760	-123.8344
184.936523	74.708	-124.6177
185.302734	74.668	-125.7371
185.668945	74.622	-127.2789
186.035156	74.553	-129.1229
186.401367	74.458	-131.0895
186.767578	74.341	-133.0998
187.133789	74.201	-135.2377
187.500000	74.023	-137.6714
187.866211	73.787	-140.5034
188.232422	73.469	-143.6659
188.598633	73.050	-146.9362
188.964844	72.516	-150.0499
189.331055	71.850	-152.8207
189.697266	71.042	-155.1627
190.063477	70.088	-156.9883
190.429688	68.997	-158.0394
190.795898	67.796	-157.7966
191.162109	66.548	-155.6146
191.528320	65.363	-151.1569
191.894531	64.374	-144.9139
192.260742	63.643	-138.1498
192.626953	63.117	-131.9609
192.993164	62.719	-126.4738
193.359375	62.434	-121.0711
193.725586	62.298	-115.2092
194.091797	62.324	-108.9774
194.458008	62.451	-102.9140
194.824219	62.580	-97.4139
195.190430	62.665	-92.4706
195.556641	62.742	-87.8849
195.922852	62.880	-83.5941
196.289062	63.104	-79.8005
196.655273	63.372	-76.8065
197.021484	63.607	-74.7689
197.387695	63.760	-73.5886
197.753906	63.835	-72.9189
198.120117	63.869	-72.2154
198.486328	63.907	-70.8879
198.852539	63.983	-68.5696
199.218750	64.135	-65.3936
199.584961	64.392	-62.0527
199.951172	64.739	-59.4670
200.317383	65.116	-58.2050
200.683594	65.428	-58.1389
201.049805	65.598	-58.5893
201.416016	65.606	-58.7447
201.782227	65.512	-58.0870
202.148438	65.447	-56.6974
202.514648	65.525	-55.2285
202.880859	65.749	-54.3326
203.247070	66.001	-54.0150
203.613281	66.137	-53.6384
203.979492	66.094	-52.4376
204.345703	65.941	-50.0782
204.711914	65.851	-47.0693
205.078125	65.960	-44.6309
205.444336	66.248	-43.7209
205.810547	66.579	-44.2299
206.176758	66.803	-45.2735
206.542969	66.842	-45.9493
206.909180	66.720	-45.8052
207.275391	66.540	-44.9525
207.641602	66.415	-43.8888
208.007812	66.387	-43.0652
208.374023	66.421	-42.5334
208.740234	66.451	-42.0275
209.106445	66.446	-41.3271
209.472656	66.419	-40.4974
209.838867	66.407	-39.8257
210.205078	66.432	-39.5364
210.571289	66.486	-39.5612
210.937500	66.547	-39.5822
211.303711	66.597	-39.2788
211.669922	66.640	-38.5361
212.036133	66.684	-37.4719
212.402344	66.728	-36.3027
212.768555	66.753	-35.1890
213.134766	66.738	-34.1876
213.500977	66.675	-33.3105
213.867188	66.579	-32.5888
214.233398	66.479	-32.0682
214.599609	66.401	-31.7559
214.965820	66.353	-31.5918
215.332031	66.318	-31.4792
215.698242	66.271	-31.3239
216.064453	66.191	-31.0091
216.430664	66.082	-30.3441
216.796875	65.976	-29.0905
217.163086	65.921	-27.1549
217.529297	65.949	-24.8287
217.895508	66.040	-22.7861
218.261719	66.124	-21.7109
218.627930	66.128	-21.8408
218.994141	66.029	-22.7684
219.360352	65.867	-23.5705
219.726562	65.720	-23.2972
220.092773	65.662	-21.6525
220.458984	65.702	-19.3156
220.825195	65.755	-17.3668
221.191406	65.698	-16.3359
221.557617	65.485	-15.7703
221.923828	65.203	-14.5022
222.290039	65.050	-11.5385
222.656250	65.208	-7.2613
223.022461	65.644	-3.4523
223.388672	66.103	-1.5962
223.754883	66.350	-1.8053
224.121094	66.344	-3.1293
224.487305	66.223	-4.1344
224.853516	66.209	-3.6469
225.219727	66.437	-1.6931
225.585938	66.814	0.5204
225.952148	67.076	1.8901
226.318359	67.002	2.2330
226.684570	66.568	2.0994
227.050781	65.992	2.3292
227.416992	65.655	3.4558
227.783203	65.838	5.0596
228.149414	66.453	6.1683
228.515625	67.152	6.4127
228.881836	67.645	6.1493
229.248047	67.844	5.8809
229.614258	67.831	5.8721
229.980469	67.764	6.0461
230.346680	67.763	6.1415
230.712891	67.852	6.0499
231.079102	67.991	5.9618
231.445312	68.146	6.1597
231.811523	68.313	6.7032
232.177734	68.489	7.3489
232.543945	68.632	7.7800
232.910156	68.677	7.9047
233.276367	68.585	7.9189
233.642578	68.392	8.1183
234.008789	68.199	8.6302
234.375000	68.107	9.2806
234.741211	68.146	9.7582
235.107422	68.259	9.9363
235.473633	68.379	9.9587
235.839844	68.500	10.0270
236.206055	68.671	10.1594
236.572266	68.941	10.1725
236.938477	69.277	9.9014
237.304688	69.574	9.3988
237.670898	69.724	8.8813
238.037109	69.687	8.5386
238.403320	69.517	8.3986
238.769531	69.324	8.3482
239.135742	69.197	8.3125
239.501953	69.146	8.4424
239.868164	69.120	9.0610
240.234375	69.073	10.3655
240.600586	69.027	12.1335
240.966797	69.050	13.6996
241.333008	69.192	14.3549
241.699219	69.433	13.9177
242.065430	69.704	12.8566
242.431641	69.915	11.8515
242.797852	70.016	11.2855
243.164062	70.016	11.0472
243.530273	69.962	10.6830
243.896484	69.903	9.7878
244.262695	69.858	8.3857
244.628906	69.818	6.9853
244.995117	69.763	6.2494
245.361328	69.690	6.5505
245.727539	69.635	7.7036
246.093750	69.643	9.0263
246.459961	69.731	9.7460
246.826172	69.872	9.4899
247.192383	70.016	8.4604
247.558594	70.120	7.2039
247.924805	70.164	6.2329
248.291016	70.169	5.7589
248.657227	70.180	5.6293
249.023438	70.236	5.4692
249.389648	70.332	4.9489
249.755859	70.411	3.9814
250.122070	70.403	2.7112
250.488281	70.268	1.3706
250.854492	70.024	0.1659
251.220703	69.747	-0.7646
251.586914	69.527	-1.3572
251.953125	69.414	-1.6284
252.319336	69.382	-1.6716
252.685547	69.363	-1.6271
253.051758	69.300	-1.6370
253.417969	69.184	-1.7966
253.784180	69.055	-2.1097
254.150391	68.965	-2.4771
254.516602	68.936	-2.7638
254.882812	68.947	-2.9230
255.249023	68.954	-3.0647
255.615234	68.927	-3.4011
255.981445	68.862	-4.1022
256.347656	68.776	-5.1526
256.713867	68.678	-6.3123
257.080078	68.558	-7.2349
257.446289	68.392	-7.6656
257.812500	68.172	-7.5676
258.178711	67.926	-7.1058
258.544922	67.715	-6.5225
258.911133	67.600	-5.9813
259.277344	67.600	-5.4916
259.643555	67.674	-4.9905
260.009766	67.748	-4.5083
260.375977	67.758	-4.2415
260.742188	67.690	-4.4614
261.108398	67.579	-5.3088
261.474609	67.482	-6.5946
261.840820	67.436	-7.8119
262.207031	67.432	-8.4445
262.573242	67.433	-8.3398
262.939453	67.418	-7.8173
263.305664	67.387	-7.4475
263.671875	67.356	-7.6635
264.038086	67.327	-8.4612
264.404297	67.284	-9.4323
264.770508	67.199	-10.1030
265.136719	67.071	-10.2969
265.502930	66.937	-10.2402
265.869141	66.859	-10.3550
266.235352	66.876	-10.8848
266.601562	66.977	-11.6850
266.967773	67.102	-12.4025
267.333984	67.188	-12.8322
267.700195	67.194	-13.0881
268.066406	67.111	-13.4752
268.432617	66.950	-14.2074
268.798828	66.728	-15.2123
269.165039	66.474	-16.1916
269.531250	66.237	-16.9045
269.897461	66.071	-17.4281
270.263672	66.009	-18.1132
270.629883	66.018	-19.2147
270.996094	66.011	-20.5790
271.362305	65.903	-21.7076
271.728516	65.663	-22.0909
272.094727	65.349	-21.5544
272.460938	65.073	-20.4554
272.827148	64.917	-19.5165
273.193359	64.879	-19.2804
273.559570	64.897	-19.7165
273.925781	64.909	-20.3816
274.291992	64.893	-20.8529
274.658203	64.849	-21.0168
275.024414	64.763	-21.0468
275.390625	64.588	-21.1729
275.756836	64.283	-21.4705
276.123047	63.855	-21.8237
276.489258	63.396	-22.0002
276.855469	63.036	-21.7518
277.221680	62.864	-20.9005
277.587891	62.840	-19.3964
277.954102	62.859	-17.3475
278.320312	62.838	-15.0563
278.686523	62.780	-13.0294
279.052734	62.746	-11.7825
279.418945	62.790	-11.4252
279.785156	62.898	-11.4305
280.151367	62.988	-10.9844
280.517578	62.983	-9.6002
280.883789	62.869	-7.4508
281.250000	62.708	-5.2584
281.616211	62.588	-3.8035
281.982422	62.574	-3.3099
282.348633	62.668	-3.2831
282.714844	62.813	-3.0249
283.081055	62.932	-2.2472
283.447266	62.977	-1.1619
283.813477	62.951	-0.1058
284.179688	62.905	0.8739
284.545898	62.915	2.1047
284.912109	63.044	3.9287
285.278320	63.318	6.2258
285.644531	63.693	8.3726
286.010742	64.080	9.7212
286.376953	64.398	10.0647
286.743164	64.608	9.7128
287.109375	64.712	9.2462
287.475586	64.742	9.1707
287.841797	64.749	9.6494
288.208008	64.788	10.4600
288.574219	64.887	11.2109
288.940430	65.034	11.6719
289.306641	65.185	11.9552
289.672852	65.288	12.4314
290.039062	65.323	13.4932
290.405273	65.329	15.3052
290.771484	65.386	17.6157
291.137695	65.567	19.7731
291.503906	65.871	21.0901
291.870117	66.222	21.3250
292.236328	66.522	20.8326
292.602539	66.698	20.3458
292.968750	66.760	20.6284
293.334961	66.791	22.1093
293.701172	66.917	24.5328
294.067383	67.219	26.9675
294.433594	67.652	28.4423
294.799805	68.089	28.6690
295.166016	68.413	28.1189
295.532227	68.577	27.6290
295.898438	68.618	27.9600
296.264648	68.653	29.4160
296.630859	68.811	31.6120
296.997070	69.147	33.6933
297.363281	69.600	34.9988
297.729492	70.059	35.4864
298.095703	70.446	35.5544
298.461914	70.751	35.6270
298.828125	71.026	35.8647
299.194336	71.338	36.1148
299.560547	71.713	36.1007
299.926758	72.117	35.7020
300.292969	72.474	35.0818
300.659180	72.729	34.5943
301.025391	72.876	34.6138
301.391602	72.987	35.3583
301.757812	73.185	36.7216
302.124023	73.566	38.2139
302.490234	74.130	39.2086
302.856445	74.777	39.3395
303.222656	75.382	38.6563
303.588867	75.866	37.4832
303.955078	76.229	36.2124
304.321289	76.532	35.1411
304.687500	76.854	34.3438
305.053711	77.244	33.6521
305.419922	77.686	32.7985
305.786133	78.125	31.6365
306.152344	78.516	30.2357
306.518555	78.856	28.8060
306.884766	79.188	27.5276
307.250977	79.567	26.3962
307.617188	80.020	25.1945
307.983398	80.525	23.6359
308.349609	81.028	21.5455
308.715820	81.481	18.9271
309.082031	81.867	15.8938
309.448242	82.197	12.5693
309.814453	82.492	9.0249
310.180664	82.758	5.2844
310.546875	82.985	1.3701
310.913086	83.154	-2.6532
311.279297	83.251	-6.6741
311.645508	83.280	-10.5736
312.011719	83.260	-14.2789
312.377930	83.214	-17.8038
312.744141	83.152	-21.2349
313.110352	83.063	-24.6681
313.476562	82.924	-28.1312
313.842773	82.720	-31.5480
314.208984	82.453	-34.7660
314.575195	82.150	-37.6358
314.941406	81.844	-40.1020
315.307617	81.558	-42.2429
315.673828	81.290	-44.2162
316.040039	81.017	-46.1399
316.406250	80.720	-48.0114
316.772461	80.399	-49.7263
317.138672	80.072	-51.1857
317.504883	79.765	-52.4061
317.871094	79.489	-53.5364
318.237305	79.223	-54.7424
318.603516	78.928	-56.0504
318.969727	78.578	-57.2791
319.335938	78.181	-58.1179
319.702148	77.787	-58.3204
320.068359	77.463	-57.9310
320.434570	77.249	-57.3566
320.800781	77.125	-57.1475
321.166992	77.019	-57.6403
321.533203	76.852	-58.7776
321.899414	76.583	-60.1829
322.265625	76.221	-61.3528
322.631836	75.817	-61.8802
322.998047	75.445	-61.6509
323.364258	75.158	-60.9186
323.730469	74.954	-60.1312
324.096680	74.778	-59.6189
324.462891	74.560	-59.3992
324.829102	74.262	-59.2322
325.195312	73.903	-58.8240
325.561523	73.549	-58.0487
325.927734	73.278	-57.0683
326.293945	73.121	-56.2263
326.660156	73.032	-55.7582
327.026367	72.926	-55.5978
327.392578	72.733	-55.4495
327.758789	72.437	-55.0200
328.125000	72.082	-54.2256
328.491211	71.741	-53.2628
328.857422	71.458	-52.4490
329.223633	71.219	-51.9221
329.589844	70.972	-51.4768
329.956055	70.679	-50.7061
330.322266	70.351	-49.3183
330.688477	70.036	-47.4059
331.054688	69.772	-45.4426
331.420898	69.544	-43.9398
331.787109	69.302	-43.0493
332.153320	69.021	-42.4882
332.519531	68.734	-41.7882
332.885742	68.517	-40.6543
333.251953	68.422	-39.1834
333.618164	68.419	-37.7369
333.984375	68.400	-36.5835
334.350586	68.262	-35.7039
334.716797	67.973	-34.8736
335.083008	67.587	-33.8551
335.449219	67.198	-32.5442
335.815430	66.869	-30.9922
336.181641	66.588	-29.2696
336.547852	66.295	-27.3126
336.914062	65.955	-24.9252
337.280273	65.614	-21.9557
337.646484	65.378	-18.5339
338.012695	65.327	-15.1395
338.378906	65.433	-12.3367
338.745117	65.578	-10.4133
339.111328	65.637	-9.3005
339.477539	65.548	-8.6759
339.843750	65.325	-8.0252
340.209961	65.030	-6.6925
340.576172	64.738	-4.1029
340.942383	64.503	-0.1547
341.308594	64.331	4.5608
341.674805	64.170	9.0551
342.041016	63.952	12.5898
342.407227	63.660	15.1486
342.773438	63.377	17.4735
343.139648	63.255	20.5858
343.505859	63.422	24.8790
343.872070	63.871	29.6246
344.238281	64.430	33.6983
344.604492	64.890	36.6024
344.970703	65.137	38.6501
345.336914	65.196	40.5803
345.703125	65.187	43.0617
346.069336	65.252	46.2003
346.435547	65.448	49.4145
346.801758	65.713	51.9690
347.167969	65.932	53.6548
347.534180	66.043	54.9326
347.900391	66.085	56.6050
348.266602	66.180	59.2686
348.632812	66.454	62.7812
348.999023	66.932	66.2582
349.365234	67.505	68.8049
349.731445	68.022	70.1678
350.097656	68.391	70.7061
350.463867	68.612	71.0366
350.830078	68.766	71.7005
351.196289	68.965	72.9243
351.562500	69.291	74.5381
351.928711	69.738	76.1669
352.294922	70.226	77.5399
352.661133	70.658	78.6100
353.027344	70.978	79.4344
353.393555	71.195	80.0263
353.759766	71.367	80.3225
354.125977	71.559	80.2796
354.492188	71.803	80.0003
354.858398	72.085	79.7406
355.224609	72.366	79.7680
355.590820	72.624	80.1954
355.957031	72.873	80.9085
356.323242	73.144	81.6229
356.689453	73.449	82.0442
357.055664	73.759	82.0386
357.421875	74.030	81.6703
357.788086	74.232	81.1147
358.154297	74.385	80.5380
358.520508	74.544	80.0271
358.886719	74.756	79.5736
359.252930	75.014	79.1083
359.619141	75.254	78.5676
359.985352	75.399	77.9493
360.351562	75.419	77.3406
360.717773	75.353	76.9136
361.083984	75.292	76.8770
361.450195	75.322	77.3543
361.816406	75.472	78.2653
362.182617	75.707	79.3297
362.548828	75.971	80.1858
362.915039	76.237	80.5091
363.281250	76.505	80.0993
363.647461	76.780	78.9532
364.013672	77.029	77.2793
364.379883	77.197	75.4046
364.746094	77.239	73.6471
365.112305	77.159	72.2330
365.478516	77.019	71.2625
365.844727	76.905	70.6946
366.210938	76.864	70.3854
366.577148	76.877	70.2065
366.943359	76.883	70.1490
367.309570	76.844	70.2980
367.675781	76.781	70.6879
368.041992	76.759	71.1666
368.408203	76.823	71.4200
368.774414	76.959	71.1955
369.140625	77.102	70.5109
369.506836	77.193	69.6238
369.873047	77.209	68.8177
370.239258	77.172	68.1871
370.605469	77.107	67.5775
370.971680	77.013	66.7477
371.337891	76.857	65.6461
371.704102	76.613	64.5778
372.070312	76.296	64.1161
372.436523	75.980	64.7848
372.802734	75.773	66.6178
373.168945	75.740	68.9682
373.535156	75.849	70.9138
373.901367	75.996	71.9126
374.267578	76.100	72.0165
374.633789	76.137	71.6303
375.000000	76.134	71.1930
375.366211	76.122	70.9702
375.732422	76.112	71.0032
376.098633	76.091	71.1939
376.464844	76.040	71.4182
376.831055	75.957	71.5905
377.197266	75.850	71.6844
377.563477	75.729	71.7587
377.929688	75.596	71.9764
378.295898	75.452	72.5648
378.662109	75.317	73.6875
379.028320	75.227	75.2901
379.394531	75.217	77.0527
379.760742	75.287	78.5580
380.126953	75.406	79.5589
380.493164	75.532	80.1031
380.859375	75.640	80.4195
381.225586	75.731	80.7066
381.591797	75.814	81.0009
381.958008	75.887	81.2117
382.324219	75.930	81.2628
382.690430	75.915	81.2044
383.056641	75.832	81.2026
383.422852	75.698	81.4389
383.789062	75.552	82.0058
384.155273	75.436	82.8696
384.521484	75.372	83.9203
384.887695	75.362	85.0500
385.253906	75.397	86.1773
385.620117	75.473	87.2156
385.986328	75.584	88.0633
386.352539	75.721	88.6599
386.718750	75.864	89.0562
387.084961	75.990	89.4016
387.451172	76.089	89.8333
387.817383	76.169	90.3460
388.183594	76.247	90.7536
388.549805	76.328	90.8099
388.916016	76.392	90.4154
389.282227	76.400	89.7448
389.648438	76.318	89.1866
390.014648	76.147	89.1609
390.380859	75.946	89.9001
390.747070	75.813	91.2924
391.113281	75.831	92.8911
391.479492	76.007	94.2058
391.845703	76.262	95.0343
392.211914	76.493	95.5036
392.578125	76.629	95.8456
392.944336	76.669	96.1817
393.310547	76.669	96.4565
393.676758	76.707	96.5229
394.042969	76.832	96.2991
394.409180	77.027	95.8528
394.775391	77.226	95.3318
395.141602	77.356	94.8344
395.507812	77.373	94.3662
395.874023	77.278	93.9066
396.240234	77.116	93.5150
396.606445	76.952	93.3726
396.972656	76.852	93.6917
397.338867	76.854	94.5275
397.705078	76.961	95.6674
398.071289	77.143	96.7208
398.437500	77.350	97.3438
398.803711	77.545	97.3965
399.169922	77.707	96.9506
399.536133	77.836	96.1835
399.902344	77.939	95.2557
400.268555	78.016	94.2448
400.634766	78.062	93.1607
401.000977	78.068	92.0120
401.367188	78.031	90.8571
401.733398	77.957	89.8072
402.099609	77.859	88.9818
402.465820	77.753	88.4549
402.832031	77.654	88.2225
403.198242	77.576	88.2064
403.564453	77.530	88.2894
403.930664	77.525	88.3564
404.296875	77.563	88.3205
404.663086	77.636	88.1174
405.029297	77.726	87.6864
405.395508	77.811	86.9508
405.761719	77.876	85.8360
406.127930	77.908	84.3077
406.494141	77.899	82.4239
406.860352	77.836	80.3490
407.226562	77.701	78.3159
407.592773	77.482	76.5567
407.958984	77.186	75.2476
408.325195	76.849	74.4809
408.691406	76.530	74.2412
409.057617	76.289	74.3748
409.423828	76.149	74.5884
409.790039	76.083	74.5333
410.156250	76.029	73.9504
410.522461	75.926	72.7947
410.888672	75.741	71.2785
411.254883	75.478	69.8116
411.621094	75.169	68.8239
411.987305	74.866	68.5051
412.353516	74.612	68.6166
412.719727	74.418	68.5843
413.085938	74.246	67.8927
413.452148	74.030	66.4664
413.818359	73.711	64.7455
414.184570	73.257	63.4621
414.550781	72.691	63.2869
414.916992	72.104	64.4507
415.283203	71.618	66.4730
415.649414	71.303	68.3244
416.015625	71.119	69.1558
416.381836	70.954	68.9074
416.748047	70.704	68.2361
417.114258	70.330	68.0265
417.480469	69.872	68.9091
417.846680	69.436	70.8858
418.212891	69.125	73.2245
418.579102	68.951	74.9123
418.945312	68.835	75.4046
419.311523	68.669	74.9189
419.677734	68.387	74.1460
420.043945	67.972	73.8094
420.410156	67.456	74.3570
420.776367	66.899	75.8485
421.142578	66.358	78.0650
421.508789	65.877	80.7428
421.875000	65.484	83.7147
422.241211	65.202	86.8284
422.607422	65.026	89.8202
422.973633	64.911	92.3942
423.339844	64.796	94.4461
423.706055	64.651	96.1391
424.072266	64.491	97.7209
424.438477	64.360	99.2494
424.804688	64.261	100.5212
425.170898	64.132	101.3445
425.537109	63.877	101.8965
425.903320	63.452	102.8094
426.269531	62.928	104.8844
426.635742	62.500	108.4265
427.001953	62.361	112.5841
427.368164	62.505	115.8250
427.734375	62.717	117.4174
428.100586	62.770	117.9166
428.466797	62.567	118.5048
428.833008	62.169	120.2363
429.199219	61.767	123.4084
429.565430	61.566	127.1840
429.931641	61.611	130.2015
430.297852	61.770	131.8846
430.664062	61.869	132.8309
431.030273	61.805	134.1488
431.396484	61.588	136.6899
431.762695	61.329	140.5275
432.128906	61.172	144.7423
432.495117	61.172	147.9303
432.861328	61.263	149.2860
433.227539	61.331	149.1889
433.593750	61.279	148.8767
433.959961	61.077	149.7627
434.326172	60.796	152.7798
434.692383	60.603	157.7321
435.058594	60.624	163.0929
435.424805	60.803	167.0709
435.791016	60.978	169.0096
436.157227	61.057	169.5241
436.523438	61.065	169.7933
436.889648	61.091	170.8085
437.255859	61.189	172.8317
437.622070	61.312	175.4047
437.988281	61.331	177.9230
438.354492	61.144	-179.8832
438.720703	60.780	-177.9492
439.086914	60.415	-176.1136
439.453125	60.275	-174.2989
439.819336	60.453	-172.4752
440.185547	60.832	-170.4976
440.551758	61.203	-168.1214
440.917969	61.442	-165.2241
441.284180	61.558	-162.0266
441.650391	61.645	-159.1246
442.016602	61.776	-157.1400
442.382812	61.953	-156.2053
442.749023	62.123	-155.8082
443.115234	62.234	-155.1643
443.481445	62.282	-153.6953
443.847656	62.310	-151.3328
444.213867	62.369	-148.5403
444.580078	62.468	-146.0211
444.946289	62.578	-144.2751
445.312500	62.669	-143.3403
445.678711	62.752	-142.8175
446.044922	62.854	-142.0912
446.411133	62.993	-140.6682
446.777344	63.160	-138.4808
447.143555	63.331	-135.9350
447.509766	63.497	-133.6620
447.875977	63.676	-132.1328
448.242188	63.903	-131.3490
448.608398	64.183	-130.8331
448.974609	64.458	-129.9963
449.340820	64.637	-128.5756
449.707031	64.661	-126.7675
450.073242	64.554	-125.0555
450.439453	64.430	-123.8925
450.805664	64.442	-123.3577
451.171875	64.671	-123.0472
451.538086	65.059	-122.4416
451.904297	65.454	-121.3761
452.270508	65.728	-120.0830
452.636719	65.854	-118.9271
453.002930	65.906	-118.1398
453.369141	66.004	-117.6816
453.735352	66.224	-117.3007
454.101562	66.544	-116.8002
454.467773	66.875	-116.2266
454.833984	67.133	-115.8024
455.200195	67.292	-115.7109
455.566406	67.378	-115.9298
455.932617	67.437	-116.2140
456.298828	67.499	-116.2519
456.665039	67.564	-115.8913
457.031250	67.633	-115.2430
457.397461	67.726	-114.5934
457.763672	67.880	-114.1986
458.129883	68.120	-114.1170
458.496094	68.438	-114.2091
458.862305	68.791	-114.3118
459.228516	69.131	-114.4182
459.594727	69.433	-114.7099
459.960938	69.689	-115.4322
460.327148	69.900	-116.7113
460.693359	70.054	-118.4427
461.059570	70.128	-120.3394
461.425781	70.106	-122.0854
461.791992	70.003	-123.4805
462.158203	69.868	-124.4967
462.524414	69.763	-125.2519
462.890625	69.720	-125.9157
463.256836	69.723	-126.6033
463.623047	69.729	-127.3375
463.989258	69.712	-128.0869
464.355469	69.684	-128.8244
464.721680	69.679	-129.5639
465.087891	69.712	-130.3603
465.454102	69.753	-131.2977
465.820312	69.739	-132.4731
466.186523	69.622	-133.9747
466.552734	69.399	-135.8223
466.918945	69.118	-137.8827
467.285156	68.840	-139.8397
467.651367	68.585	-141.3220
468.017578	68.327	-142.1231
468.383789	68.023	-142.3182
468.750000	67.660	-142.1750
469.116211	67.272	-141.9668
469.482422	66.916	-141.7955
469.848633	66.631	-141.5504
470.214844	66.409	-141.0518
470.581055	66.214	-140.2758
470.947266	66.028	-139.4448
471.313477	65.870	-138.8988
471.679688	65.770	-138.8245
472.045898	65.727	-139.0557
472.412109	65.682	-139.1530
472.778320	65.551	-138.7018
473.144531	65.280	-137.5489
473.510742	64.891	-135.8566
473.876953	64.477	-134.0243
474.243164	64.152	-132.4952
474.609375	63.981	-131.4922
474.975586	63.940	-130.9025
475.341797	63.937	-130.4344
475.708008	63.884	-129.8520
476.074219	63.742	-129.0598
476.440430	63.534	-128.0739
476.806641	63.323	-126.9763
477.172852	63.166	-125.8933
477.539062	63.081	-124.9554
477.905273	63.045	-124.2308
478.271484	63.022	-123.6824
478.637695	62.996	-123.2026
479.003906	62.978	-122.7086
479.370117	62.983	-122.2312
479.736328	62.992	-121.8930
480.102539	62.949	-121.7872
480.468750	62.790	-121.8479
480.834961	62.492	-121.8324
481.201172	62.113	-121.4242
481.567383	61.784	-120.4388
481.933594	61.643	-119.0259
482.299805	61.728	-117.6023
482.666016	61.941	-116.4754
483.032227	62.122	-115.6003
483.398438	62.163	-114.7207
483.764648	62.061	-113.6604
484.130859	61.901	-112.5269
484.497070	61.787	-111.7033
484.863281	61.762	-111.5669
485.229492	61.781	-112.1620
485.595703	61.754	-113.1768
485.961914	61.618	-114.1928
486.328125	61.376	-114.9247
486.694336	61.095	-115.3131
487.060547	60.863	-115.4716
487.426758	60.729	-115.5114
487.792969	60.682	-115.3868
488.159180	60.683	-114.9348
488.525391	60.707	-114.1054
488.891602	60.770	-113.1751
489.257812	60.891	-112.7159
489.624023	61.065	-113.2485
489.990234	61.251	-114.8504
490.356445	61.390	-117.0884
490.722656	61.429	-119.3339
491.088867	61.343	-121.1898
491.455078	61.153	-122.7700
491.821289	60.915	-124.6549
492.187500	60.691	-127.4612
492.553711	60.528	-131.2224
492.919922	60.429	-135.1323
493.286133	60.352	-138.0215
493.652344	60.260	-139.2047
494.018555	60.171	-139.0474
494.384766	60.128	-138.8967
494.750977	60.134	-140.2728
495.117188	60.159	-143.8362
495.483398	60.180	-149.0037
495.849609	60.185	-154.4250
496.215820	60.164	-158.8832
496.582031	60.133	-162.0197
496.948242	60.123	-164.5013
497.314453	60.143	-167.5394
497.680664	60.166	-172.0326
498.046875	60.172	-177.9521
498.413086	60.167	175.6645
498.779297	60.155	170.1402
499.145508	60.132	166.3077
499.511719	60.103	163.9422
499.877930	60.084	161.8921
